928
0 0 712 532
1 1 34 688
2 2 834 73
3 3 240 521
4 4 938 579
5 5 812 234
6 6 653 376
7 7 738 242
8 8 886 369
9 9 822 787
10 10 532 297
11 11 96 788
12 12 567 807
13 13 272 33
14 14 822 395
15 15 818 246
16 16 916 392
17 17 344 757
18 18 390 885
19 19 188 171
20 20 711 304
21 21 601 959
22 22 363 128
23 23 274 65
24 24 959 151
25 25 646 269
26 26 324 423
27 27 46 798
28 28 723 816
29 29 691 220
30 30 724 965
31 31 108 446
32 32 867 496
33 33 862 298
34 34 277 289
35 35 23 279
36 36 821 1000
37 37 56 798
38 38 321 780
39 39 336 361
40 40 78 37
41 41 792 597
42 42 574 738
43 43 407 929
44 44 487 667
45 45 908 279
46 46 888 165
47 47 496 386
48 48 540 880
49 49 736 11
50 50 127 419
51 51 652 177
52 52 96 467
53 53 928 783
54 54 326 907
55 55 22 800
56 56 347 55
57 57 728 327
58 58 663 848
59 59 878 479
60 60 972 879
61 61 643 421
62 62 902 876
63 63 2 494
64 64 897 834
65 65 849 726
66 66 432 210
67 67 510 951
68 68 581 913
69 69 328 385
70 70 239 869
71 71 121 787
72 72 396 349
73 73 695 370
74 74 279 226
75 75 823 449
76 76 725 128
77 77 242 888
78 78 11 148
79 79 985 304
80 80 292 745
81 81 516 335
82 82 324 230
83 83 354 779
84 84 1 235
85 85 699 320
86 86 401 533
87 87 533 199
88 88 950 717
89 89 702 421
90 90 290 356
91 91 826 546
92 92 228 563
93 93 288 882
94 94 618 140
95 95 128 991
96 96 61 473
97 97 772 405
98 98 116 477
99 99 167 202
100 100 587 755
101 101 372 977
102 102 287 752
103 103 8 629
104 104 734 515
105 105 139 546
106 106 999 806
107 107 537 608
108 108 45 457
109 109 814 469
110 110 397 974
111 111 771 856
112 112 173 273
113 113 824 223
114 114 428 407
115 115 132 862
116 116 414 283
117 117 817 672
118 118 557 116
119 119 877 195
120 120 401 129
121 121 703 906
122 122 238 730
123 123 603 772
124 124 808 894
125 125 129 802
126 126 206 208
127 127 245 606
128 128 153 936
129 129 3 595
130 130 549 177
131 131 31 911
132 132 815 629
133 133 6 33
134 134 765 276
135 135 852 420
136 136 466 22
137 137 805 136
138 138 365 120
139 139 491 901
140 140 245 618
141 141 768 336
142 142 71 863
143 143 79 770
144 144 444 21
145 145 89 283
146 146 357 664
147 147 989 47
148 148 225 621
149 149 616 910
150 150 647 872
151 151 427 18
152 152 506 678
153 153 225 868
154 154 59 219
155 155 831 684
156 156 677 898
157 157 387 552
158 158 472 308
159 159 12 649
160 160 963 898
161 161 566 359
162 162 242 562
163 163 367 255
164 164 667 944
165 165 711 944
166 166 774 796
167 167 459 715
168 168 886 757
169 169 983 277
170 170 60 762
171 171 914 155
172 172 757 490
173 173 275 535
174 174 542 755
175 175 62 922
176 176 91 962
177 177 416 8
178 178 257 37
179 179 211 188
180 180 184 233
181 181 95 194
182 182 807 681
183 183 11 954
184 184 432 968
185 185 472 315
186 186 561 827
187 187 260 175
188 188 400 20
189 189 395 216
190 190 224 689
191 191 118 700
192 192 973 234
193 193 813 636
194 194 383 339
195 195 145 786
196 196 169 459
197 197 249 533
198 198 830 863
199 199 608 69
200 200 34 927
201 201 501 406
202 202 127 593
203 203 354 623
204 204 470 422
205 205 800 288
206 206 839 478
207 207 311 882
208 208 75 270
209 209 391 408
210 210 689 672
211 211 881 723
212 212 244 137
213 213 238 924
214 214 687 313
215 215 181 776
216 216 168 933
217 217 107 533
218 218 961 235
219 219 278 222
220 220 167 101
221 221 45 163
222 222 375 206
223 223 355 772
224 224 682 111
225 225 948 386
226 226 673 781
227 227 688 252
228 228 108 894
229 229 509 134
230 230 191 582
231 231 101 824
232 232 171 258
233 233 706 706
234 234 941 711
235 235 829 858
236 236 610 411
237 237 674 424
238 238 624 111
239 239 763 793
240 240 189 768
241 241 738 517
242 242 121 286
243 243 199 591
244 244 665 216
245 245 494 143
246 246 215 850
247 247 659 553
248 248 368 833
249 249 530 8
250 250 538 850
251 251 93 347
252 252 939 412
253 253 386 753
254 254 124 816
255 255 76 72
256 256 149 436
257 257 15 233
258 258 480 494
259 259 565 898
260 260 751 426
261 261 535 293
262 262 321 955
263 263 89 931
264 264 927 62
265 265 206 497
266 266 689 341
267 267 761 681
268 268 287 886
269 269 78 366
270 270 366 227
271 271 650 550
272 272 895 282
273 273 89 985
274 274 0 53
275 275 19 69
276 276 66 790
277 277 515 414
278 278 444 303
279 279 389 262
280 280 831 229
281 281 325 931
282 282 317 865
283 283 427 630
284 284 705 53
285 285 520 823
286 286 585 357
287 287 679 686
288 288 119 792
289 289 414 585
290 290 352 756
291 291 608 227
292 292 322 546
293 293 419 527
294 294 865 263
295 295 622 316
296 296 955 405
297 297 37 467
298 298 433 755
299 299 812 502
300 300 537 681
301 301 125 266
302 302 459 178
303 303 544 103
304 304 910 962
305 305 974 283
306 306 304 400
307 307 723 171
308 308 582 465
309 309 372 669
310 310 760 309
311 311 202 802
312 312 199 895
313 313 123 81
314 314 572 919
315 315 404 383
316 316 223 507
317 317 731 618
318 318 898 525
319 319 296 198
320 320 400 436
321 321 930 88
322 322 70 954
323 323 409 340
324 324 630 722
325 325 33 823
326 326 167 712
327 327 153 208
328 328 88 525
329 329 21 811
330 330 388 640
331 331 351 755
332 332 870 739
333 333 362 896
334 334 452 766
335 335 800 921
336 336 705 548
337 337 245 655
338 338 578 610
339 339 467 833
340 340 151 272
341 341 267 558
342 342 299 602
343 343 285 550
344 344 740 125
345 345 86 844
346 346 329 231
347 347 338 175
348 348 722 218
349 349 107 747
350 350 712 719
351 351 444 289
352 352 968 261
353 353 838 99
354 354 867 329
355 355 115 490
356 356 356 965
357 357 143 564
358 358 283 773
359 359 930 910
360 360 993 163
361 361 8 716
362 362 906 510
363 363 598 617
364 364 939 179
365 365 658 992
366 366 299 515
367 367 363 98
368 368 490 717
369 369 165 769
370 370 297 567
371 371 873 950
372 372 88 826
373 373 90 720
374 374 965 770
375 375 624 422
376 376 69 232
377 377 753 952
378 378 112 97
379 379 276 955
380 380 432 621
381 381 847 488
382 382 685 603
383 383 418 988
384 384 14 321
385 385 177 294
386 386 36 300
387 387 878 294
388 388 485 121
389 389 39 766
390 390 858 965
391 391 260 672
392 392 369 388
393 393 274 665
394 394 363 215
395 395 932 752
396 396 946 649
397 397 252 9
398 398 971 978
399 399 655 483
400 400 111 410
401 401 845 838
402 402 699 160
403 403 549 664
404 404 982 440
405 405 399 296
406 406 730 45
407 407 686 160
408 408 554 251
409 409 332 805
410 410 510 572
411 411 407 474
412 412 464 127
413 413 481 890
414 414 440 210
415 415 651 1000
416 416 635 1
417 417 180 730
418 418 322 466
419 419 81 380
420 420 778 564
421 421 954 350
422 422 678 270
423 423 822 124
424 424 959 994
425 425 148 496
426 426 387 828
427 427 603 233
428 428 123 271
429 429 73 213
430 430 502 45
431 431 408 564
432 432 478 351
433 433 50 929
434 434 582 836
435 435 743 587
436 436 824 988
437 437 488 497
438 438 246 919
439 439 813 228
440 440 87 643
441 441 775 832
442 442 602 912
443 443 548 671
444 444 385 95
445 445 20 819
446 446 512 929
447 447 435 359
448 448 697 668
449 449 145 214
450 450 539 202
451 451 439 796
452 452 515 497
453 453 18 417
454 454 852 552
455 455 308 258
456 456 726 720
457 457 767 12
458 458 676 587
459 459 183 817
460 460 228 48
461 461 152 443
462 462 776 666
463 463 812 662
464 464 211 681
465 465 426 876
466 466 600 380
467 467 422 684
468 468 803 249
469 469 599 867
470 470 706 170
471 471 582 210
472 472 595 225
473 473 545 86
474 474 170 602
475 475 368 746
476 476 334 88
477 477 664 666
478 478 821 572
479 479 582 412
480 480 713 131
481 481 859 307
482 482 120 862
483 483 277 555
484 484 937 768
485 485 766 534
486 486 391 942
487 487 267 493
488 488 201 737
489 489 427 597
490 490 146 186
491 491 430 664
492 492 369 106
493 493 873 191
494 494 229 283
495 495 693 639
496 496 291 447
497 497 565 38
498 498 285 540
499 499 168 450
500 500 889 706
501 501 602 705
502 502 984 670
503 503 110 857
504 504 327 420
505 505 511 751
506 506 816 308
507 507 123 781
508 508 803 19
509 509 465 146
510 510 546 396
511 511 101 176
512 512 916 580
513 513 590 477
514 514 10 672
515 515 847 114
516 516 71 768
517 517 962 280
518 518 11 852
519 519 973 512
520 520 867 718
521 521 263 864
522 522 173 413
523 523 637 648
524 524 484 886
525 525 307 125
526 526 852 498
527 527 234 28
528 528 774 520
529 529 368 616
530 530 439 64
531 531 267 563
532 532 527 722
533 533 797 165
534 534 222 182
535 535 342 314
536 536 272 932
537 537 120 664
538 538 859 385
539 539 265 201
540 540 260 375
541 541 82 247
542 542 117 203
543 543 77 245
544 544 836 417
545 545 972 841
546 546 942 485
547 547 568 486
548 548 730 916
549 549 875 728
550 550 878 614
551 551 910 260
552 552 8 739
553 553 657 985
554 554 336 761
555 555 949 341
556 556 445 643
557 557 188 413
558 558 27 356
559 559 389 428
560 560 770 849
561 561 612 743
562 562 36 878
563 563 665 666
564 564 391 328
565 565 119 133
566 566 73 717
567 567 142 881
568 568 343 819
569 569 350 571
570 570 864 64
571 571 195 566
572 572 206 723
573 573 400 46
574 574 49 796
575 575 477 685
576 576 464 752
577 577 173 556
578 578 400 669
579 579 931 973
580 580 567 428
581 581 799 804
582 582 122 801
583 583 263 845
584 584 628 172
585 585 795 650
586 586 810 737
587 587 984 836
588 588 990 78
589 589 400 106
590 590 378 647
591 591 957 67
592 592 80 674
593 593 249 505
594 594 266 744
595 595 415 374
596 596 406 497
597 597 983 958
598 598 101 482
599 599 698 778
600 600 52 216
601 601 848 676
602 602 522 583
603 603 742 35
604 604 283 679
605 605 490 483
606 606 496 774
607 607 871 974
608 608 252 45
609 609 781 354
610 610 37 363
611 611 656 466
612 612 587 326
613 613 798 741
614 614 145 803
615 615 810 19
616 616 117 343
617 617 903 482
618 618 418 114
619 619 413 25
620 620 982 372
621 621 630 402
622 622 27 551
623 623 978 438
624 624 635 784
625 625 785 529
626 626 946 0
627 627 881 60
628 628 200 243
629 629 1000 333
630 630 608 164
631 631 104 816
632 632 354 926
633 633 276 81
634 634 788 739
635 635 167 26
636 636 552 971
637 637 562 161
638 638 206 882
639 639 906 378
640 640 884 236
641 641 640 928
642 642 427 15
643 643 893 28
644 644 261 342
645 645 798 761
646 646 336 211
647 647 383 459
648 648 873 437
649 649 197 678
650 650 692 908
651 651 68 5
652 652 245 100
653 653 579 381
654 654 696 696
655 655 933 878
656 656 909 630
657 657 64 589
658 658 10 695
659 659 404 264
660 660 157 64
661 661 804 676
662 662 429 172
663 663 636 734
664 664 706 206
665 665 42 723
666 666 448 972
667 667 682 780
668 668 241 729
669 669 42 435
670 670 394 722
671 671 965 978
672 672 850 411
673 673 646 742
674 674 828 604
675 675 307 370
676 676 552 553
677 677 330 270
678 678 562 772
679 679 861 863
680 680 253 359
681 681 809 416
682 682 778 511
683 683 222 120
684 684 836 612
685 685 626 562
686 686 129 23
687 687 206 194
688 688 406 274
689 689 993 207
690 690 975 291
691 691 282 252
692 692 286 19
693 693 434 182
694 694 14 35
695 695 494 242
696 696 104 517
697 697 980 559
698 698 402 528
699 699 208 678
700 700 177 714
701 701 214 147
702 702 844 288
703 703 861 602
704 704 103 938
705 705 731 243
706 706 932 631
707 707 988 525
708 708 149 857
709 709 813 30
710 710 352 486
711 711 291 828
712 712 244 641
713 713 678 592
714 714 145 197
715 715 717 485
716 716 249 230
717 717 904 654
718 718 175 255
719 719 274 992
720 720 342 315
721 721 474 369
722 722 538 288
723 723 798 715
724 724 26 766
725 725 787 856
726 726 121 293
727 727 251 723
728 728 396 946
729 729 42 584
730 730 386 884
731 731 333 856
732 732 917 549
733 733 444 148
734 734 558 249
735 735 66 972
736 736 177 880
737 737 843 376
738 738 722 434
739 739 245 397
740 740 739 670
741 741 242 438
742 742 588 314
743 743 927 281
744 744 922 752
745 745 534 845
746 746 707 519
747 747 610 317
748 748 361 56
749 749 26 498
750 750 581 371
751 751 698 335
752 752 890 871
753 753 362 335
754 754 708 872
755 755 870 646
756 756 459 497
757 757 153 258
758 758 319 746
759 759 721 145
760 760 108 619
761 761 322 41
762 762 209 590
763 763 971 760
764 764 33 696
765 765 177 395
766 766 757 840
767 767 58 178
768 768 2 790
769 769 734 989
770 770 284 700
771 771 793 307
772 772 83 124
773 773 74 554
774 774 433 566
775 775 682 340
776 776 333 616
777 777 939 340
778 778 672 391
779 779 562 728
780 780 215 871
781 781 794 836
782 782 155 692
783 783 886 188
784 784 839 302
785 785 873 459
786 786 339 754
787 787 721 100
788 788 263 627
789 789 32 2
790 790 23 565
791 791 865 571
792 792 57 885
793 793 338 57
794 794 512 109
795 795 477 419
796 796 691 802
797 797 825 939
798 798 276 598
799 799 287 410
800 800 766 833
801 801 522 734
802 802 32 517
803 803 710 556
804 804 631 638
805 805 845 43
806 806 59 611
807 807 287 370
808 808 983 540
809 809 721 744
810 810 330 291
811 811 491 127
812 812 627 842
813 813 670 177
814 814 216 435
815 815 685 403
816 816 820 574
817 817 395 963
818 818 200 49
819 819 898 9
820 820 357 947
821 821 45 22
822 822 343 434
823 823 411 773
824 824 279 835
825 825 996 593
826 826 71 573
827 827 126 702
828 828 993 103
829 829 756 627
830 830 250 154
831 831 773 382
832 832 410 46
833 833 434 178
834 834 956 554
835 835 941 164
836 836 55 229
837 837 318 578
838 838 270 252
839 839 212 754
840 840 764 67
841 841 625 203
842 842 296 335
843 843 531 92
844 844 273 510
845 845 419 317
846 846 71 714
847 847 66 624
848 848 121 101
849 849 725 267
850 850 837 317
851 851 72 720
852 852 777 152
853 853 455 551
854 854 636 912
855 855 216 27
856 856 969 908
857 857 619 137
858 858 363 447
859 859 578 451
860 860 550 669
861 861 434 387
862 862 144 929
863 863 168 84
864 864 661 572
865 865 694 176
866 866 559 375
867 867 152 123
868 868 20 950
869 869 792 152
870 870 796 883
871 871 751 490
872 872 748 755
873 873 371 501
874 874 799 833
875 875 459 650
876 876 212 768
877 877 427 819
878 878 179 700
879 879 71 690
880 880 105 651
881 881 777 110
882 882 771 587
883 883 439 99
884 884 259 574
885 885 396 294
886 886 829 325
887 887 4 417
888 888 687 993
889 889 641 739
890 890 739 729
891 891 904 763
892 892 337 494
893 893 892 744
894 894 48 952
895 895 440 565
896 896 21 110
897 897 547 878
898 898 218 726
899 899 107 189
900 900 968 981
901 901 928 529
902 902 752 174
903 903 72 263
904 904 538 149
905 905 656 44
906 906 851 849
907 907 682 907
908 908 255 137
909 909 562 841
910 910 101 167
911 911 704 41
912 912 538 726
913 913 639 491
914 914 534 304
915 915 917 486
916 916 180 434
917 917 808 594
918 918 931 811
919 919 673 833
920 920 804 640
921 921 946 163
922 922 376 3
923 923 314 888
924 924 149 581
925 925 179 584
926 926 94 796
927 927 96 738
3712
368 906 3843.76117885
267 39 5320.00939849
305 232 8033.89071372
445 925 2837.35792596
128 447 6422.25038441
326 582 997.296345125
865 365 8167.93731612
581 251 8410.02378118
794 163 2057.69288282
621 396 4010.7979256
8 63 8927.93929191
651 189 3891.65774446
48 86 3738.04761874
430 624 7508.7282545
357 367 5153.21259022
213 234 7345.59732084
161 476 3567.42203839
417 263 2206.39978245
491 658 4211.424937
599 521 4434.19665779
485 572 5910.33839979
5 195 8657.90390337
48 37 4908.97137902
854 440 6113.60777283
745 722 5570.14362472
518 387 10310.4461591
431 367 4681.67704995
661 737 3025.24379183
47 484 5834.42370762
31 126 2573.86868352
718 488 4827.00735446
34 123 5827.22060677
363 83 2928.82228891
454 430 6160.75482388
3 2 7440.02688167
902 40 6877.82669162
408 167 4736.25379388
28 10 5530.29836446
491 183 5095.69426084
455 528 5346.02656185
79 266 2983.03536687
480 196 6352.32240995
280 342 6497.33022094
808 724 9833.23446278
844 312 3920.47191037
47 143 5668.7300165
357 360 9398.4094399
516 808 9400.68082641
442 727 3986.50222626
404 2 3957.18334172
890 219 6852.51778546
319 812 7240.83558714
475 593 2687.78719396
606 261 4825.78491025
872 511 8682.45357028
2 549 6562.81951603
630 159 7684.01587713
796 376 8436.72922405
615 20 3017.05154083
193 280 4073.97839955
339 361 4736.7710521
34 114 1916.37678967
839 716 5253.04673499
0 14 1756.95759767
15 489 5254.35057833
609 526 1605.52172206
891 217 8295.23357115
13 5 5761.95279398
761 666 9394.87626316
703 283 4349.02287876
176 629 11054.0580784
507 511 6053.99867856
474 691 3674.83332955
203 45 6521.13487056
21 46 8442.77797884
903 4 9218.52482776
261 202 5064.22748304
7 15 800.99937578
141 314 6150.65037212
350 191 5943.03794368
55 259 5517.72598087
885 592 4942.22621902
872 657 7038.55098724
391 182 5470.74035209
709 439 1980.0
412 217 5406.3388721
729 521 3567.08564517
214 85 138.924439894
80 406 8257.38457382
425 789 5074.36695559
337 480 7025.6672281
392 448 4312.58623102
462 871 1777.66701044
563 654 431.393092202
213 419 5662.02260681
86 147 7628.49919709
159 630 7684.01587713
364 849 2313.87121509
312 844 3920.47191037
139 868 4735.41972796
25 3 4778.49348645
248 511 7091.81218025
324 9 2027.04218012
588 443 7396.03272032
127 9 6047.23077119
401 106 1572.89541928
477 74 5846.580197
43 118 8267.21839557
406 206 4465.08678527
687 892 3273.54547853
62 700 7428.78859573
343 428 3226.22069921
570 464 8983.86331152
163 794 2057.69288282
529 47 2632.1854038
41 44 3129.29704566
297 186 6357.48377898
760 627 9539.44442827
724 601 8269.12329089
230 584 5992.23664419
52 157 3031.6002375
345 243 2770.88433537
127 208 3765.58096447
130 769 8328.07901019
274 666 10223.8202253
366 283 1720.72659072
88 33 4281.41331805
745 913 3692.43821885
836 386 734.982993001
123 34 5827.22060677
621 479 490.306026885
217 412 5406.3388721
462 816 1019.80390272
40 558 3230.51079552
644 871 5118.63262991
11 862 1489.46299048
614 701 6596.18829325
481 23 6330.78984014
182 767 9022.25027363
283 210 2653.45058367
838 608 2077.81134851
451 254 3156.34282042
457 30 9539.69601193
20 326 6800.0
39 106 7984.94834047
95 89 8089.35102465
336 686 7793.59352289
561 91 2908.69386495
289 592 3456.54451729
263 610 5703.75315034
747 432 1363.08473691
272 618 5057.20278415
114 440 4147.01097177
189 799 2220.36033112
25 665 7556.00423504
9 71 7010.0
840 125 9713.1354361
396 382 2650.22640542
771 327 6476.11766416
59 28 3709.36652274
268 471 7375.64234491
244 603 1966.97737659
334 406 7727.3863628
724 365 6711.92967782
67 76 8506.19774047
361 468 9220.16268837
14 279 4529.65782372
199 134 2598.03772105
163 609 4256.72409254
790 336 6822.11843931
42 825 4462.16315255
476 324 6996.94218927
443 298 1424.1137595
321 583 10089.2913527
191 729 1386.79486587
43 148 3577.54105497
567 614 780.576709875
329 199 9461.14686494
542 78 1194.19428905
446 99 8047.07400239
29 9 5819.36422644
178 709 5560.44063002
566 336 6542.05625167
271 124 3785.49864615
845 796 5560.65643607
131 156 6461.30791713
294 888 7513.8804888
389 129 1747.48390551
228 447 6270.19935887
49 571 7750.52256303
599 152 2164.80946044
180 58 7795.29345182
10 597 8002.01224693
202 235 7503.5258379
596 131 5585.8839945
20 419 6345.67569294
478 372 7757.60916778
722 709 3770.795672
600 804 7164.67026457
37 187 6555.49387918
15 209 4566.97930803
668 134 6926.65142764
263 451 3751.33309638
323 364 5539.14253292
768 239 7610.05913249
94 226 6433.55267329
372 362 8769.15047197
479 383 5988.92310854
160 682 4289.45217947
140 11 2260.55302968
16 121 5563.85657615
234 704 8682.01013591
914 149 6115.22689685
537 681 7322.73855876
458 233 1227.23265928
887 336 7131.35330775
176 132 7969.09656109
784 681 1178.81296226
893 9 821.522975942
783 405 4988.31634923
289 302 4094.80158249
725 196 7345.29100853
419 213 5662.02260681
762 42 3938.64189791
373 390 8061.32123166
265 261 3871.13678394
711 328 3647.16328124
180 176 7349.08157527
218 495 4848.09240836
843 359 9101.23617977
38 50 4098.25572653
459 388 7586.96250155
188 637 2147.67315949
657 916 1936.00103306
141 198 5306.34525827
531 143 2796.30112828
493 157 6054.06475023
116 207 6077.91082528
823 657 3927.65833545
103 52 1843.58346706
508 369 9846.5425404
571 827 1525.02458997
678 125 4340.38016768
895 123 2634.72958764
593 587 8060.93046738
170 83 2944.91086453
151 215 7969.19067409
797 864 4019.76367465
356 542 7986.01903329
66 0 4267.13018316
103 133 5960.03355695
692 809 8454.88024753
219 127 3854.15360358
55 38 2996.68149792
826 518 2853.78695771
79 881 2844.29253067
575 604 1940.92761328
880 423 8898.41558931
10 62 6871.25170548
657 71 2060.41258004
472 657 6437.83348651
588 160 8204.44391778
149 457 9106.06940452
260 247 1568.21554641
886 402 2100.59515376
138 257 3677.89341879
393 31 2748.03566207
692 591 6727.14649759
73 153 6847.65653344
71 386 4943.62215385
661 366 5300.4339445
735 683 8661.63956766
645 228 7027.01216734
539 353 5820.07731907
371 476 10166.4398882
78 464 5692.88151993
596 35 4406.96040372
210 802 6750.3629532
896 236 6614.54457994
271 75 2003.24736366
554 341 2144.06156628
459 799 4200.77373825
816 462 1019.80390272
217 554 3231.48572641
15 277 3464.57789637
827 539 5199.24994591
761 728 9080.20374221
133 231 7966.84379162
898 524 3104.12628609
320 71 4483.77073455
84 32 9044.76091447
307 140 6544.40982824
343 175 4337.19955732
715 334 3862.46035578
237 435 1770.02824836
388 459 7586.96250155
64 92 7218.04682722
192 129 10349.9806763
339 82 6197.24132175
393 475 1240.84648527
268 110 1408.68733224
141 228 8642.70790898
737 891 3917.77998361
737 302 4320.41664657
96 711 4229.95271841
709 646 5101.86240504
47 71 5490.22768198
378 433 8343.0689797
555 31 8475.29350524
397 20 5456.24412944
329 167 4483.97145397
535 807 784.920378128
375 132 2816.55818332
5 4 3672.88714774
9 532 3020.7614934
873 79 6448.29434812
529 477 3001.93271077
167 606 696.419413859
23 47 3902.88354938
227 29 321.4031736
83 256 3995.92292218
745 5 6712.71182161
780 572 1482.7339613
806 719 4374.76856531
731 832 8136.51645362
328 14 7454.23369636
19 265 3264.96554346
574 544 8735.04436165
719 569 4278.04862057
634 125 6620.04531707
816 872 1947.9476379
467 475 822.192191644
694 256 4231.14641675
698 260 3636.00055005
169 37 10633.7669713
777 147 2972.35596792
23 696 4829.12000265
47 529 2632.1854038
913 745 3692.43821885
73 20 679.117073854
453 523 6606.98115632
5 13 5761.95279398
891 737 3917.77998361
74 174 5907.70683091
569 719 4278.04862057
18 136 8663.40002539
755 52 7944.28725563
645 835 6138.87611864
471 180 3986.64018943
337 296 7527.28370662
75 825 2250.88871338
299 836 8047.22312354
691 659 1225.88743366
600 775 6420.87221489
48 564 5717.56066868
152 602 963.37946833
555 185 4777.0806985
853 85 3360.01488092
44 177 6628.13699315
4 267 2042.86563435
906 225 4730.51794204
590 367 5492.04879804
4 233 2644.86294541
61 8 2485.0150905
906 368 3843.76117885
565 392 3571.06426713
531 280 6554.78451209
71 766 6382.04512676
58 683 8511.550975
572 622 2482.43831746
461 670 3693.3047532
831 483 5253.04673499
528 455 5346.02656185
700 62 7428.78859573
107 298 1800.69431054
569 139 3588.60697207
71 320 4483.77073455
655 898 7309.78111847
293 267 3750.73326164
314 599 1890.95214112
426 710 3437.86270814
659 211 6619.74319744
191 17 2330.77240416
302 571 4692.97347105
50 125 3830.05221897
767 791 8976.06818156
144 335 9678.51228237
91 133 9672.48158437
185 72 832.58633186
422 922 4031.0420489
591 592 10665.7301672
586 749 8196.20033918
155 471 5354.22263265
376 733 3842.92857076
89 95 8089.35102465
396 621 4010.7979256
399 117 2489.27700347
535 648 5450.59629765
813 252 3571.91825214
689 438 10319.656002
504 610 2955.48642359
748 189 1635.72613845
123 895 2634.72958764
87 294 3381.12407344
861 37 5583.95021468
2 465 9007.06944572
403 479 2541.51529604
314 341 4725.94964002
184 583 2090.21529992
9 116 6484.44292133
907 456 1921.06741162
622 97 7591.71258676
273 831 9118.47026644
92 405 3170.64662175
129 389 1747.48390551
167 581 3514.55544842
294 87 3381.12407344
874 649 6216.34136772
499 397 4489.28724855
138 349 6780.06637136
80 163 4957.06566428
622 572 2482.43831746
879 109 7751.70948888
601 724 8269.12329089
277 768 6360.38520846
226 277 3995.66014571
731 186 2298.36898691
544 754 4726.61612573
862 624 5119.6288928
753 628 1863.0083199
846 883 7166.93100288
850 564 4461.35629602
482 49 10505.5080791
688 876 5307.27802174
780 581 5878.30757957
840 408 2792.06017127
505 894 5047.47461608
839 15 7907.59128939
163 397 2715.52941431
128 121 5508.17574157
717 281 6418.48891874
535 913 3457.42678881
477 842 4949.5959431
831 273 9118.47026644
154 287 7762.01649058
312 913 5973.40773763
913 312 5973.40773763
107 213 4350.36780054
587 696 9360.34721578
19 811 3061.78052773
312 373 2061.69832905
49 658 9974.62781261
463 589 6920.11560597
355 76 7093.26441069
615 273 12054.0325203
551 434 6628.42364367
60 52 9680.49585507
121 629 6453.97551901
65 175 8110.394565
766 71 6382.04512676
732 83 6081.6856216
914 74 2666.62708304
825 42 4462.16315255
329 13 8174.87002955
202 261 5064.22748304
855 173 5114.14704521
479 370 3244.2256395
759 778 2508.32613509
584 773 6729.33874909
87 308 2704.75507209
877 337 2449.89795706
722 622 5747.08621825
89 163 3738.7297308
78 244 6575.25664898
6 113 2294.55878112
559 133 5501.94511059
335 144 9678.51228237
743 55 10432.5739873
156 243 5680.95942601
46 918 6474.29532845
181 245 4022.4619327
384 340 1454.99140891
3 23 4572.65787043
913 535 3457.42678881
79 159 10323.5362159
427 662 1843.82754074
869 755 5001.19985603
563 440 5784.5743145
531 313 5030.50693271
711 709 9535.65938989
361 414 6653.26987278
252 46 2522.10229769
696 23 4829.12000265
53 43 5410.70235737
471 268 7375.64234491
287 154 7762.01649058
458 374 3420.67244851
313 150 9488.18739275
12 275 9192.10530836
773 584 6729.33874909
44 149 2751.18156435
572 780 1482.7339613
174 63 5997.67454936
720 183 7196.40187872
413 197 4257.61670421
336 790 6822.11843931
155 740 930.591209931
893 400 8494.21567892
249 308 4599.48910206
230 502 7978.67783533
675 816 5520.7336469
268 330 2659.26681625
692 687 1924.18814049
125 634 6620.04531707
0 531 4460.78468434
173 579 7887.83874075
635 376 2281.22773962
159 79 10323.5362159
714 306 2578.56549267
218 319 6660.28527918
220 47 4352.76923349
292 876 2477.57946391
224 42 6362.33447722
387 509 4387.17448935
464 78 5692.88151993
89 10 2104.18630354
587 736 8081.98614203
753 678 4805.92342844
826 673 5993.21282786
187 344 4825.97140481
153 403 3828.73347205
7 24 2390.02092041
75 595 4148.36112218
876 292 2477.57946391
894 607 8232.93993662
145 121 8747.14239052
809 914 4780.88903866
296 251 8639.49072573
4 0 2308.3543922
557 533 6575.59883205
829 221 8490.09422798
708 903 5989.69949163
109 879 7751.70948888
840 397 5152.74684028
488 354 7810.37771174
659 189 488.364617883
364 717 4762.87728164
365 36 1631.96200936
167 807 3854.98378726
295 242 5018.97399874
114 703 4748.83143521
486 315 5591.51142358
444 591 5726.84904638
887 853 4704.85919024
176 180 7349.08157527
839 139 3153.56940624
418 283 1947.33150747
330 732 5367.69969354
23 94 3520.80956599
134 199 2598.03772105
708 275 7986.51363237
759 627 1811.7670932
621 569 3270.48926003
307 196 6243.87700071
881 833 3496.75563916
74 146 4448.90997886
117 677 6314.84758328
444 685 5255.18791291
429 244 5920.07601303
34 145 1880.95720313
37 169 10633.7669713
421 528 2475.88368063
649 367 6032.87659413
262 97 7112.67179054
264 256 8632.26505617
193 366 5280.50187009
70 608 8241.02542163
146 403 1920.0
419 405 3289.07281768
138 639 5993.70503111
31 555 8475.29350524
494 89 4927.20001624
306 419 2238.95064707
198 8 4971.63956859
910 588 8934.4389863
534 27 6406.49670257
699 911 8073.32025873
372 224 9295.48815286
28 463 1778.67928531
742 805 3734.83600711
421 177 6375.01372548
341 220 4678.12996827
495 218 4848.09240836
795 800 5048.93057984
265 19 3264.96554346
174 80 2501.99920064
837 331 1800.49993057
35 596 4406.96040372
253 20 5542.7971278
326 426 2487.08664907
554 217 3231.48572641
662 302 305.941170816
314 136 9032.41385234
888 899 9913.70768179
650 366 5557.85930013
79 392 6217.00892713
661 721 4507.20534256
11 216 1618.91939268
584 230 5992.23664419
910 329 6489.49921026
688 764 5632.16654583
568 341 2718.40026486
79 194 6030.1658352
135 172 1180.04237212
724 706 9160.02729254
709 524 9170.47981297
29 351 2564.56624013
251 211 8731.09386045
319 431 3827.5318418
381 876 6939.92074883
114 818 4244.38452546
691 474 3674.83332955
836 299 8047.22312354
513 329 6597.85571228
35 879 4137.93426724
234 581 1697.43924781
722 745 5570.14362472
325 231 680.073525437
449 789 2402.35301319
811 520 7004.69128513
132 402 4831.32487005
89 185 2532.5086377
232 489 4248.02306962
503 99 6574.75474828
892 463 5038.34298158
13 705 5047.58358029
579 173 7887.83874075
800 795 5048.93057984
124 318 3798.17061228
9 893 821.522975942
401 320 5996.90753639
132 176 7969.09656109
238 794 1120.1785572
390 183 8470.7142556
326 20 6800.0
653 296 3767.65178858
379 360 10683.4123762
690 879 9881.38148236
478 390 3947.37887718
399 126 5265.22554123
310 437 3306.47848927
440 468 8172.46596812
331 423 7874.02057401
499 521 4247.59932197
764 688 5632.16654583
673 826 5993.21282786
16 509 5137.28527532
878 859 4703.21166864
737 837 5625.20221859
148 199 6718.57871875
263 150 5611.1050605
157 399 2767.39950134
585 710 4723.82260463
660 911 5474.8333308
434 234 3801.39448098
588 258 6581.45880485
58 52 6831.17852204
60 272 6019.45180228
405 764 5421.7709284
616 384 1053.2331176
210 283 2653.45058367
873 105 2363.23930231
359 921 7471.71332427
785 472 3633.7308651
235 289 4967.43394521
866 209 1712.10396881
662 427 1843.82754074
265 126 2890.0
367 590 5492.04879804
388 65 7060.60195734
10 2 3760.05319111
564 621 2501.93924786
505 619 7325.8446612
861 414 1771.01665718
619 732 7270.43327457
791 605 3851.86967588
439 808 3553.08316818
315 486 5591.51142358
228 90 5679.50702086
643 537 10010.1198794
913 890 2581.54992204
357 677 3484.32202875
181 519 9338.13685914
37 861 5583.95021468
646 709 5101.86240504
594 138 6318.04558388
703 390 3630.12396483
447 370 2496.15704634
850 336 2660.54505694
394 391 4684.63445746
421 691 6791.08238796
18 283 2576.70332014
274 378 1203.32871652
903 496 2860.36710931
180 868 7355.16825096
319 180 1173.413823
564 306 1129.29181348
196 193 6678.8097742
14 328 7454.23369636
744 562 8949.14521058
666 591 10383.188335
420 167 3529.33421483
543 355 2479.29425442
592 847 519.23019943
152 423 6377.86798233
351 905 3239.89197351
913 369 5495.0887163
121 467 3581.13110623
722 850 3004.03062568
736 587 8081.98614203
399 157 2767.39950134
40 82 3126.73951585
259 240 3978.39163482
314 346 7296.52657091
356 624 3325.68789877
696 587 9360.34721578
670 461 3693.3047532
176 492 9000.11111043
213 601 6584.86142603
895 93 3515.57961082
290 179 5852.39267309
792 430 9505.91920858
520 811 7004.69128513
637 531 4986.27115187
595 731 4889.25352176
823 135 5648.8051834
908 613 8121.97636047
85 214 138.924439894
358 249 8038.86807952
413 823 1363.41483049
731 595 4889.25352176
373 184 4224.54731303
362 795 4385.45322629
384 616 1053.2331176
905 351 3239.89197351
168 666 4879.23149687
875 517 6244.26937279
239 768 7610.05913249
148 43 3577.54105497
459 640 9104.73503184
23 3 4572.65787043
542 714 286.356421266
779 308 2637.59360023
119 15 779.871784334
311 155 6399.72655666
164 171 8267.58731433
76 309 6459.79875848
681 784 1178.81296226
902 7 694.262198308
814 357 1482.22805263
12 300 1295.2219887
892 809 4582.09559045
490 441 9016.4128122
419 306 2238.95064707
39 16 5808.27857459
425 388 5041.76556377
251 611 5754.3896288
253 902 6849.79561739
398 465 5544.62803081
774 267 3475.75890994
583 184 2090.21529992
688 72 756.637297521
390 703 3630.12396483
156 131 6461.30791713
906 55 8304.46867656
179 290 5852.39267309
440 854 6113.60777283
537 824 2334.99464667
665 328 2032.73215156
557 344 6226.13845011
453 486 6440.13975004
847 592 519.23019943
348 220 5671.98377995
921 902 1943.11605418
175 867 8040.52858959
751 340 5506.16018655
383 621 6231.69318885
489 15 5254.35057833
367 431 4681.67704995
253 558 5352.47606253
87 731 6867.67063858
787 330 6344.20207749
326 826 1689.2897916
915 308 3356.57563597
256 83 3995.92292218
629 435 3613.377921
350 123 1212.02310209
371 585 3099.74192474
108 57 6952.61821187
583 807 4756.05929315
220 309 6038.61739142
593 504 1153.64639296
385 723 7502.54623445
762 529 1611.11762451
583 177 8508.68967585
93 316 3805.9164468
402 118 1486.60687473
527 281 9075.73688468
189 659 488.364617883
354 287 4034.76145515
63 174 5997.67454936
709 722 3770.795672
671 303 9710.12873241
159 12 5770.51990725
125 684 7320.85377535
325 268 2616.9638897
401 182 1615.33278305
370 447 2496.15704634
723 385 7502.54623445
9 825 2605.99309285
247 623 3390.95856654
250 376 7758.12477342
71 47 5490.22768198
128 239 6265.37309344
443 588 7396.03272032
188 182 7762.53824467
908 530 1979.52014387
841 11 7887.11607623
412 321 4676.29126552
69 85 3766.51032124
803 390 4349.54020558
0 425 5651.47768287
440 875 3720.65854386
537 643 10010.1198794
521 729 3567.08564517
591 666 10383.188335
371 341 7217.34023031
638 440 2669.86891064
154 686 2081.24962462
174 240 3532.39295662
802 210 6750.3629532
161 269 4880.50202336
695 237 2559.76561427
356 462 5155.58920008
721 170 5708.28345477
264 18 9826.99343645
726 38 5264.68422605
34 74 630.317380373
70 698 3779.55023779
307 148 6711.95947544
471 815 2187.64713791
220 485 7391.14334863
267 208 7996.98068023
149 47 5375.64879805
811 356 8488.04453334
64 537 7953.797835
67 161 5946.42749893
531 750 3680.48909793
716 837 3547.74576316
608 70 8241.02542163
239 765 7083.78429937
338 54 3895.03530151
351 820 6637.26600341
262 145 7109.20530017
923 841 7522.93825576
715 203 3883.4649477
232 314 7731.24828213
30 141 6305.37072661
770 188 6898.23165746
51 8 3026.87958135
587 74 9322.68738079
551 533 1476.2791064
196 285 5056.64908808
810 295 2930.68251436
259 55 5517.72598087
27 460 7717.66804158
267 217 6705.37098153
10 89 2104.18630354
581 179 8515.86754242
49 482 10505.5080791
803 201 2572.56681157
351 85 2568.77402665
71 657 2060.41258004
682 160 4289.45217947
168 432 5755.86657246
868 139 4735.41972796
210 55 6791.70817983
247 222 4484.02720777
267 4 2042.86563435
732 619 7270.43327457
656 230 7196.02668144
15 212 5842.57648645
532 799 3936.29267205
383 249 9863.79237413
258 705 3549.67604156
703 908 7638.46188706
8 30 6176.2448138
337 184 3646.0663735
304 506 6607.20818501
484 515 6601.63616083
144 19 2967.08611267
145 155 8434.2456687
196 639 7414.37792401
405 783 4988.31634923
209 796 4952.13085449
156 368 2602.49879923
12 26 4544.28212152
216 539 7383.98943661
236 115 6571.79579719
19 56 1968.17174047
58 229 7304.19057802
461 669 1102.90525432
916 706 7773.75713539
268 325 2616.9638897
228 322 710.211236183
283 418 1947.33150747
619 505 7325.8446612
816 36 4260.01173707
52 48 6063.86840227
364 770 8369.38468467
625 680 5585.01566694
185 555 4777.0806985
113 6 2294.55878112
901 805 4930.36509804
883 735 9493.46090738
99 503 6574.75474828
542 553 9503.28364304
420 899 7686.78086067
926 448 6164.35722521
613 55 7782.39680304
870 101 4342.94830731
48 172 4463.05948874
564 461 2652.28203628
283 823 1438.92320851
657 872 7038.55098724
677 357 3484.32202875
149 914 6115.22689685
746 853 2540.23620949
371 549 2220.09008826
318 124 3798.17061228
466 413 5236.99341225
85 351 2568.77402665
73 600 6611.84543074
240 259 3978.39163482
132 683 7814.92162469
520 580 4172.52920901
297 250 6306.26672446
542 303 4385.53303488
925 445 2837.35792596
467 198 4455.38999415
362 400 8012.64625452
344 187 4825.97140481
883 846 7166.93100288
166 921 6559.5197995
243 345 2770.88433537
94 511 5182.51869268
673 711 3652.68394472
138 151 1193.64986491
825 264 5354.64284523
18 10 6049.03298057
437 441 4411.28099309
114 22 2864.71639085
741 688 2319.31024229
376 635 2281.22773962
486 277 5423.65190623
494 104 5557.41846544
155 145 8434.2456687
666 761 9394.87626316
295 810 2930.68251436
162 200 4201.0593902
898 339 2710.16604657
779 665 5200.24037906
780 574 1821.56526098
31 252 8316.9525669
86 436 6212.51961768
362 197 6574.02464248
698 502 5990.72616633
453 170 3475.47119108
863 132 8459.51535255
519 603 5299.90565954
44 812 2241.0934831
481 398 6802.83029334
308 87 2704.75507209
546 128 9088.02508799
68 375 4928.79295568
235 136 9114.08251005
423 366 6530.00765696
332 841 5893.39460752
373 718 4727.04981992
155 311 6399.72655666
68 134 6630.42230933
70 107 3961.37602356
91 303 5251.40933465
185 89 2532.5086377
739 542 2324.22029937
41 887 8082.96975127
167 420 3529.33421483
595 239 5446.69624635
8 51 3026.87958135
866 808 4549.73625609
672 10 3378.16518246
641 544 5472.99735063
855 216 9072.70632171
457 199 1689.08259123
168 142 8218.64344037
349 540 4022.35005936
318 834 648.459713475
298 107 1800.69431054
817 234 6013.48484658
809 692 8454.88024753
695 692 3049.47536471
147 463 6399.64061491
366 193 5280.50187009
100 162 3953.15064221
374 458 3420.67244851
322 228 710.211236183
359 354 5844.05681013
469 711 3104.59337112
331 126 5658.92215886
204 192 5369.85102214
353 880 9176.01765473
376 796 8436.72922405
781 27 7489.64618657
392 79 6217.00892713
308 915 3356.57563597
898 655 7309.78111847
191 321 10168.0283241
260 193 2189.61183775
776 826 2655.05178857
100 75 3864.34988064
356 221 8601.88932735
799 459 4200.77373825
637 188 2147.67315949
143 161 6372.51912512
469 341 4535.47130958
770 223 1011.18742081
58 22 7800.0
442 707 5465.93999235
748 207 8275.11933449
71 39 4771.80259441
9 29 5819.36422644
359 266 6179.33653397
767 611 6637.37900078
678 753 4805.92342844
10 18 6049.03298057
112 77 6188.58626828
527 142 8507.60835958
424 89 6279.95222912
832 374 9122.50513839
796 209 4952.13085449
12 141 5120.95694182
359 411 6809.00139521
396 300 4102.49923827
142 168 8218.64344037
41 208 7880.46952916
921 123 6989.49211317
150 263 5611.1050605
281 527 9075.73688468
264 825 5354.64284523
14 72 4284.7637041
469 536 3333.9766046
163 325 6589.23364284
460 27 7717.66804158
540 349 4022.35005936
502 698 5990.72616633
157 21 4598.31490875
322 842 6589.66615239
398 481 6802.83029334
441 834 3317.30312151
415 538 6492.218419
406 404 4685.39219276
36 77 5897.32990429
692 695 3049.47536471
234 446 4812.12011488
206 901 1025.76800496
571 302 4692.97347105
183 491 5095.69426084
42 70 3597.0265498
193 424 3866.26434689
469 535 6098.01607082
231 325 680.073525437
162 761 5271.06251149
234 922 9058.08478653
900 473 9899.2625988
611 251 5754.3896288
858 260 3885.67883387
244 429 5920.07601303
101 489 3839.59633295
345 453 4323.80619362
294 318 2640.7006646
812 319 7240.83558714
279 751 3175.05905457
46 21 8442.77797884
562 744 8949.14521058
584 294 2538.70045496
913 219 4502.02176805
143 47 5668.7300165
36 43 4200.4404531
630 697 5425.94692197
22 2 4742.00379587
150 55 6291.33531136
333 824 1030.04854255
122 61 5094.17314193
13 186 8449.59762356
620 742 3982.46155035
42 65 2752.61693666
23 481 6330.78984014
536 813 8534.8052116
10 477 3918.99221739
101 87 7944.84109344
782 317 5807.34018291
344 297 7817.75543235
821 660 1196.16052434
588 641 9192.38815543
405 92 3170.64662175
668 188 7266.09936623
463 544 2461.72703605
706 724 9160.02729254
671 602 5935.26747502
703 457 5974.41210497
871 644 5118.63262991
751 451 5287.74053826
70 87 7316.66590737
40 6 6674.92322053
132 863 8459.51535255
521 499 4247.59932197
138 456 7002.29248175
503 101 2881.73558815
323 259 5793.96237475
159 338 5673.42048503
788 258 2545.15225478
309 220 6038.61739142
220 348 5671.98377995
347 844 3412.47710615
3 299 5723.15472445
575 17 1512.38222682
889 224 6293.36952673
155 593 6089.04754457
410 740 2490.88337744
340 243 3225.91072412
68 597 4045.10815677
75 53 3501.15695164
658 629 10541.0815384
257 383 8558.23579951
352 84 9673.49471494
208 267 7996.98068023
146 846 2903.37734372
815 471 2187.64713791
161 155 4193.44726925
503 68 4743.17404277
37 142 667.083203206
421 148 7777.41602333
439 640 714.492827116
724 626 11971.4493692
690 309 7116.83216045
512 98 8066.03372172
107 70 3961.37602356
769 130 8328.07901019
588 66 5734.00383676
236 815 754.254598925
572 132 6162.11814233
623 247 3390.95856654
208 41 7880.46952916
615 806 9562.76633616
300 12 1295.2219887
249 358 8038.86807952
830 305 7354.02610819
485 467 3752.81227881
127 333 3127.12327867
19 3 3538.41772548
373 312 2061.69832905
302 662 305.941170816
602 152 963.37946833
766 250 2192.28191618
17 41 4757.14199914
629 121 6453.97551901
437 892 1510.29798384
538 54 7460.38202775
313 838 2254.99445676
188 438 9120.9484156
99 446 8047.07400239
834 55 9658.52990884
714 542 286.356421266
341 554 2144.06156628
179 374 9524.91469778
359 843 9101.23617977
533 428 6822.8439818
294 558 8431.44708813
518 826 2853.78695771
